##FastQC	0.11.8
>>Basic Statistics	pass
#Measure	Value
Filename	SRR060738_prinseq_good_AYcR.fastq
File type	Conventional base calls
Encoding	Sanger / Illumina 1.9
Total Sequences	191518
Sequences flagged as poor quality	0
Sequence length	62-713
%GC	48
>>END_MODULE
>>Per base sequence quality	warn
#Base	Mean	Median	Lower Quartile	Upper Quartile	10th Percentile	90th Percentile
1	39.36835702127215	40.0	40.0	40.0	37.0	40.0
2	39.34895414530227	40.0	40.0	40.0	37.0	40.0
3	39.28581125533892	40.0	40.0	40.0	37.0	40.0
4	38.679669796050504	40.0	39.0	40.0	37.0	40.0
5	38.17516891362692	40.0	39.0	40.0	34.0	40.0
6	37.71874184149793	40.0	37.0	40.0	32.0	40.0
7	37.51734040664585	40.0	37.0	40.0	30.0	40.0
8	37.37461752942282	40.0	37.0	40.0	30.0	40.0
9	37.31997514593929	40.0	37.0	40.0	30.0	40.0
10-19	37.19914002861349	40.0	37.4	40.0	29.3	40.0
20-39	37.016720621560374	40.0	37.35	40.0	28.2	40.0
40-59	36.87866675717165	40.0	37.0	40.0	28.0	40.0
60-79	36.66305148991289	40.0	36.35	40.0	27.5	40.0
80-99	36.5496428214925	40.0	36.0	40.0	27.0	40.0
100-119	36.406256033017385	40.0	35.1	40.0	26.8	40.0
120-139	36.27471160082407	40.0	35.0	40.0	26.0	40.0
140-159	36.1641770612607	40.0	35.0	40.0	26.0	40.0
160-179	35.9337837336431	40.0	34.2	40.0	25.0	40.0
180-199	35.66385566578	40.0	33.6	40.0	24.15	40.0
200-219	35.30456799663362	40.0	32.85	40.0	23.1	40.0
220-239	34.848975047608995	39.25	31.6	40.0	21.9	40.0
240-259	34.2629286366052	39.0	30.1	40.0	20.9	40.0
260-279	33.73941489513691	38.25	29.45	40.0	20.0	40.0
280-299	33.308739111531594	37.7	28.2	40.0	19.35	40.0
300-319	32.72735072017028	36.05	27.4	40.0	19.0	40.0
320-339	32.308008593252374	35.65	26.65	40.0	18.25	40.0
340-359	31.86658293705569	35.0	26.0	40.0	17.8	40.0
360-379	30.765175631143542	33.5	24.25	40.0	16.8	40.0
380-399	29.98474835079468	32.3	23.15	39.05	15.75	40.0
400-419	29.323528943072454	31.2	23.0	38.75	15.0	40.0
420-439	26.03142554298077	27.8	20.45	32.9	14.0	36.8
440-459	25.18234935048103	27.0	20.0	31.0	13.6	36.0
460-479	25.05987200606787	26.55	20.0	31.0	14.0	35.7
480-499	24.62270476303069	25.85	19.4	30.95	13.6	34.0
500-519	23.798641939247553	25.0	18.6	30.0	13.0	33.65
520-539	22.967122121065323	24.0	17.7	28.8	12.15	32.0
540-559	22.15178334847661	22.75	16.65	27.55	12.05	31.55
560-579	20.992585164261953	22.083333333333332	16.25	26.75	11.5	30.5
580-599	19.698740869371463	NaN	NaN	NaN	NaN	NaN
600-619	20.770555555555557	NaN	NaN	NaN	NaN	NaN
620-639	21.743353174603172	NaN	NaN	NaN	NaN	NaN
640-659	22.02	NaN	NaN	NaN	NaN	NaN
660-679	21.6125	NaN	NaN	NaN	NaN	NaN
680-699	20.55	NaN	NaN	NaN	NaN	NaN
700-713	22.0	NaN	NaN	NaN	NaN	NaN
>>END_MODULE
>>Per sequence quality scores	pass
#Quality	Count
20	139.0
21	421.0
22	989.0
23	1792.0
24	2850.0
25	3883.0
26	4268.0
27	4438.0
28	4947.0
29	6019.0
30	7538.0
31	9690.0
32	12464.0
33	16112.0
34	19832.0
35	25116.0
36	30091.0
37	28355.0
38	12113.0
39	461.0
>>END_MODULE
>>Per base sequence content	fail
#Base	G	A	T	C
1	0.0	0.0	100.0	0.0
2	0.0	0.0	0.0	100.0
3	0.0	100.0	0.0	0.0
4	100.0	0.0	0.0	0.0
5	28.322959961569786	25.289793019904344	21.915662398964056	24.471584619561813
6	27.18230140247914	25.64510907590931	23.674014975093723	23.49857454651782
7	22.42812535898159	26.765667261923408	26.42000062658604	24.386206752508954
8	24.182962170065007	24.4816332924314	27.958645536903116	23.376759000600476
9	24.29549335045975	27.625746017324833	24.73305241832318	23.345708213892237
10-19	24.197644704867546	25.463639335120465	26.088961107450288	24.2497548525617
20-39	24.178045301853537	25.873033567941945	26.060849253762907	23.88807187644161
40-59	24.096316971307864	26.13826976260413	26.066083204341737	23.699330061746267
60-79	24.202857497177096	25.96964969878142	25.92208131269948	23.905411491342004
80-99	24.247547705055098	25.839848676572807	25.814650735649312	24.09795288272278
100-119	24.200918610484074	25.856873380152162	25.80720675528802	24.135001254075746
120-139	24.18810920440003	25.877004352334104	25.803841582053945	24.131044861211926
140-159	24.16546998674245	25.888190278671097	25.80074294790176	24.145596786684692
160-179	24.157858804058	25.86219107973693	25.835598325130388	24.14435179107468
180-199	24.113988019859324	25.897434339918334	25.853725656838506	24.134851983383836
200-219	24.07122667035563	25.943083962603662	25.88928658314557	24.096402783895133
220-239	24.079279193002616	25.931414799208323	25.86113239268765	24.128173615101407
240-259	24.126603104103754	26.02786397911057	25.767200776186392	24.078332140599276
260-279	24.166217961652716	26.03464722074452	25.689162344171674	24.10997247343109
280-299	24.36326545369288	26.101569664188055	25.429803350998036	24.105361531121027
300-319	24.613191753151185	26.16183042146531	25.08949267569957	24.135485149683934
320-339	24.983986202776155	26.24940598706408	24.62140744933997	24.145200360819803
340-359	25.307971743006124	26.406716288795927	24.147129395048324	24.13818257314962
360-379	25.830603363558524	26.41221104088868	23.68969951856867	24.067486076984128
380-399	26.26551344868573	26.557425574454612	23.14458159389451	24.032479382965153
400-419	26.727423797865445	26.53708776995542	22.646123757497868	24.089364674681267
420-439	27.118397955495894	26.636582081332715	22.206930748446833	24.038089214724558
440-459	27.4495232034161	26.687127689786255	21.893021011896817	23.970328094900825
460-479	27.771560885977603	26.7325547164002	21.548417183348892	23.947467214273306
480-499	28.239606825082692	26.68397359428896	21.117602936621566	23.95881664400678
500-519	28.932039678076972	26.582748416763096	20.453228023021794	24.031983882138135
520-539	29.881186149983847	26.32112052894534	19.84228579950784	23.955407521562975
540-559	30.03606214822554	25.79286171682788	19.965622998887802	24.20545313605878
560-579	29.439546599496218	25.8816120906801	21.00125944584383	23.67758186397985
580-599	27.741935483870968	26.7741935483871	20.0	25.483870967741932
600-619	25.274725274725274	25.274725274725274	21.978021978021978	27.472527472527474
620-639	24.836601307189543	24.18300653594771	25.49019607843137	25.49019607843137
640-659	24.175824175824175	25.274725274725274	21.978021978021978	28.57142857142857
660-679	17.391304347826086	30.434782608695656	26.08695652173913	26.08695652173913
680-699	27.27272727272727	24.242424242424242	24.242424242424242	24.242424242424242
700-713	28.57142857142857	21.428571428571427	21.428571428571427	28.57142857142857
>>END_MODULE
>>Per sequence GC content	warn
#GC Content	Count
0	0.0
1	0.0
2	0.0
3	0.0
4	0.0
5	0.0
6	0.0
7	0.0
8	0.0
9	0.0
10	0.0
11	0.0
12	0.0
13	0.0
14	0.0
15	0.0
16	0.0
17	0.0
18	0.8333333333333333
19	0.5
20	0.0
21	0.3333333333333333
22	1.1666666666666665
23	2.9166666666666665
24	5.2
25	8.183333333333334
26	14.150000000000002
27	21.883333333333322
28	42.866666666666696
29	60.66666666666681
30	90.86666666666682
31	128.81666666666706
32	184.2833333333331
33	250.3833333333317
34	322.2499999999959
35	389.6999999999946
36	459.4166666666601
37	536.1166666666617
38	681.9000000000094
39	812.1166666666852
40	983.6166666666974
41	1225.2500000000434
42	1509.5666666667507
43	1839.2500000001291
44	2223.000000000138
45	2707.842857142783
46	3194.0928571425043
47	3799.9928571421574
48	4365.5333333323015
49	4823.467857141636
50	4957.334523808225
51	4739.511904760655
52	4166.259523808511
53	3331.1333333328125
54	2467.1500000000347
55	1705.1833333334778
56	1092.066666666705
57	689.4833333333453
58	417.3666666666603
59	260.0833333333301
60	143.10000000000034
61	90.73333333333355
62	63.43333333333342
63	43.28333333333337
64	26.433333333333326
65	15.533333333333328
66	8.783333333333333
67	4.833333333333334
68	2.666666666666667
69	1.4
70	0.7
71	1.2
72	1.0
73	0.7
74	0.2
75	0.0
76	0.0
77	0.0
78	0.0
79	0.0
80	0.0
81	0.0
82	0.0
83	0.0
84	0.0
85	0.0
86	0.0
87	0.0
88	0.0
89	0.0
90	0.0
91	0.0
92	0.0
93	0.0
94	0.0
95	0.0
96	0.0
97	0.0
98	0.0
99	0.0
100	0.0
>>END_MODULE
>>Per base N content	pass
#Base	N-Count
1	0.0
2	0.0
3	0.0
4	0.0
5	0.0010442882653327625
6	0.0
7	0.002088576530665525
8	0.0015664323979991436
9	5.221441326663812E-4
10-19	3.1328647959982873E-4
20-39	2.3496485969987154E-4
40-59	1.8275044643323345E-4
60-79	3.1329245040906856E-4
80-99	0.001201130943117572
100-119	0.00603487530928736
120-139	0.012667726323718513
140-159	0.014568057106783858
160-179	0.022453986438108073
180-199	0.026059956381916976
200-219	0.033036044258232186
220-239	0.04695702023406187
240-259	0.06846843957700295
260-279	0.09373546332215947
280-299	0.16516215970852707
300-319	0.3169292750841856
320-339	0.541506193119909
340-359	0.7839319012900267
360-379	1.0999085259221395
380-399	1.3957101484252443
400-419	1.7034008212747438
420-439	2.0783205337436788
440-459	2.3688326403972284
460-479	2.592652353951197
480-499	2.8684553281669483
500-519	2.857293501070325
520-539	2.5647856623879877
540-559	2.07267566586356
560-579	1.7022593624264934
580-599	0.0
600-619	0.0
620-639	0.0
640-659	0.0
660-679	0.0
680-699	0.0
700-713	0.0
>>END_MODULE
>>Sequence Length Distribution	warn
#Length	Count
60-79	13.0
80-99	50.0
100-119	189.0
120-139	518.0
140-159	552.0
160-179	547.0
180-199	601.0
200-219	652.0
220-239	812.0
240-259	1177.0
260-279	2048.0
280-299	3457.0
300-319	5670.0
320-339	8388.0
340-359	11456.0
360-379	14651.0
380-399	17350.0
400-419	18988.0
420-439	20068.0
440-459	19526.0
460-479	15888.0
480-499	16329.0
500-519	18223.0
520-539	11019.0
540-559	2944.0
560-579	370.0
580-599	22.0
600-619	1.0
620-639	3.0
640-659	2.0
660-679	2.0
680-699	1.0
700-714	1.0
>>END_MODULE
>>Sequence Duplication Levels	pass
#Total Deduplicated Percentage	93.46297575774608
#Duplication Level	Percentage of deduplicated	Percentage of total
1	94.74475009782847	88.55126281567053
2	4.207819437924893	7.86550652239494
3	0.6437227718977371	1.8049273747376189
4	0.2637676720213784	0.9861004614324481
5	0.09209236437451693	0.43036132095044977
6	0.026004461442044522	0.145827260961063
7	0.01293200565038145	0.08460646114204456
8	0.0039605283824819355	0.02961302145598195
9	9.901320956204839E-4	0.008328662284494923
>10	0.0039605283824819355	0.09346609897044303
>50	0.0	0.0
>100	0.0	0.0
>500	0.0	0.0
>1k	0.0	0.0
>5k	0.0	0.0
>10k+	0.0	0.0
>>END_MODULE
>>Overrepresented sequences	pass
>>END_MODULE
>>Adapter Content	pass
#Position	Illumina Universal Adapter	Illumina Small RNA 3' Adapter	Illumina Small RNA 5' Adapter	Nextera Transposase Sequence	SOLID Small RNA Adapter
1	0.0	0.0	0.0	0.0	0.0
2	0.0	0.0	0.0	0.0	0.0
3	0.0	0.0	0.0	0.0	0.0
4	0.0	0.0	0.0	0.0	0.0
5	0.0	0.0	0.0	0.0	0.0
6	0.0	0.0	0.0	0.0	0.0
7	0.0	0.0	0.0	0.0	0.0
8	0.0	0.0	0.0	0.0	0.0
9	0.0	0.0	0.0	0.0	0.0
10-19	0.0	0.0	0.0	0.0	0.0
20-39	0.0	0.0	0.0	2.3496485969987154E-4	0.0
40-59	0.0	0.0	0.0	5.221441326663812E-4	0.0
60-79	0.0	0.0	0.0	0.001227038711765996	0.0
80-99	0.0	0.0	0.0	0.0015664323979991436	0.0
100-119	0.0	0.0	0.0	0.002271326977098758	0.0
120-139	0.0	0.0	0.0	0.003132864795998287	0.0
140-159	0.0	0.0	0.0	0.003132864795998287	0.0
160-179	0.0	0.0	0.0	0.0032111864158982442	0.0
180-199	0.0	0.0	0.0	0.0036550089286646686	0.0
200-219	0.0	0.0	0.0	0.003916080994997859	0.0
220-239	0.0	0.0	0.0	0.00417715306133105	0.0
240-259	0.0	0.0	0.0	0.00417715306133105	0.0
260-279	0.0	0.0	0.0	0.00417715306133105	0.0
280-299	0.0	0.0	0.0	0.00417715306133105	0.0
300-319	0.0	0.0	0.0	0.00417715306133105	0.0
320-339	0.0	0.0	0.0	0.00417715306133105	0.0
340-359	0.0	0.0	0.0	0.00417715306133105	0.0
360-379	0.0	0.0	0.0	0.00417715306133105	0.0
380-399	0.0	0.0	0.0	0.00417715306133105	0.0
400-419	0.0	0.0	0.0	0.004255474681231007	0.0
420-439	0.0	0.0	0.0	0.0046992971939974326	0.0
440-459	0.0	0.0	0.0	0.0046992971939974326	0.0
460-479	0.0	0.0	0.0	0.0046992971939974326	0.0
480-499	0.0	0.0	0.0	0.0046992971939974326	0.0
500-519	0.0	0.0	0.0	0.0046992971939974326	0.0
520-539	0.0	0.0	0.0	0.0046992971939974326	0.0
540-559	0.0	0.0	0.0	0.0046992971939974326	0.0
560-579	0.0	0.0	0.0	0.0046992971939974326	0.0
580-599	0.0	0.0	0.0	0.0046992971939974326	0.0
600-619	0.0	0.0	0.0	0.0046992971939974326	0.0
620-639	0.0	0.0	0.0	0.0046992971939974326	0.0
640-659	0.0	0.0	0.0	0.0046992971939974326	0.0
660-679	0.0	0.0	0.0	0.0046992971939974326	0.0
680-699	0.0	0.0	0.0	0.0046992971939974326	0.0
700-702	0.0	0.0	0.0	0.004873345238219558	0.0
>>END_MODULE
