##FastQC	0.11.8
>>Basic Statistics	pass
#Measure	Value
Filename	SRR060738.fastq
File type	Conventional base calls
Encoding	Sanger / Illumina 1.9
Total Sequences	191638
Sequences flagged as poor quality	0
Sequence length	125-1891
%GC	48
>>END_MODULE
>>Per base sequence quality	fail
#Base	Mean	Median	Lower Quartile	Upper Quartile	10th Percentile	90th Percentile
1	39.36137926715996	40.0	40.0	40.0	37.0	40.0
2	39.34176937768083	40.0	40.0	40.0	37.0	40.0
3	39.27891128064371	40.0	40.0	40.0	37.0	40.0
4	38.67124996086371	40.0	39.0	40.0	37.0	40.0
5	38.16523862699464	40.0	39.0	40.0	34.0	40.0
6	37.708685125079576	40.0	37.0	40.0	32.0	40.0
7	37.5073158768094	40.0	37.0	40.0	30.0	40.0
8	37.36462496999551	40.0	37.0	40.0	30.0	40.0
9	37.30973502123796	40.0	37.0	40.0	30.0	40.0
10-49	37.02114664106284	40.0	37.275	40.0	28.35	40.0
50-99	36.645871173775554	40.0	36.28	40.0	27.4	40.0
100-149	36.254229472900235	40.0	35.0	40.0	26.12	40.0
150-199	35.66756006538413	40.0	33.8	40.0	24.04	40.0
200-249	34.60573759842853	39.36	31.24	40.0	20.96	40.0
250-299	33.10443408945372	37.64	27.9	40.0	18.68	40.0
300-349	31.532574581189515	34.9	25.08	40.0	16.56	40.0
350-399	29.275856107723662	31.8	21.58	39.36	13.8	40.0
400-449	25.100901350106106	26.24	17.44	33.4	11.58	37.58
450-499	21.511527654095424	21.78	14.54	28.5	11.0	33.06
500-549	18.026088725053008	16.64	11.74	23.54	11.0	29.06
550-599	12.955650478682287	11.4	11.0	14.64	9.9	19.04
600-649	11.993673160923734	11.0	11.0	13.0	8.0	16.86
650-699	11.797637046355847	11.0	11.0	12.98	8.0	16.7
700-749	11.728293757159014	11.0	11.0	12.98	8.0	16.44
750-799	11.376184878353442	11.0	10.5	12.44	7.52	15.88
800-849	11.226469587363862	11.0	9.16	12.16	7.24	15.56
850-899	11.080651666160673	11.0	8.58	12.02	7.3	15.08
900-949	10.773310916862457	11.0	8.08	11.76	7.0	14.66
950-999	10.816346323466597	11.0	8.08	11.74	7.0	14.16
1000-1049	10.937309988199647	11.0	8.142857142857142	11.785714285714286	7.0	14.214285714285714
1050-1099	10.90820223907262	NaN	NaN	NaN	NaN	NaN
1100-1149	10.814752424400178	NaN	NaN	NaN	NaN	NaN
1150-1199	10.563297985324654	NaN	NaN	NaN	NaN	NaN
1200-1249	10.584012597158937	NaN	NaN	NaN	NaN	NaN
1250-1299	10.863645624052246	NaN	NaN	NaN	NaN	NaN
1300-1349	10.558227090562793	NaN	NaN	NaN	NaN	NaN
1350-1399	10.533743769502808	NaN	NaN	NaN	NaN	NaN
1400-1449	10.9607924590889	NaN	NaN	NaN	NaN	NaN
1450-1499	9.808571428571428	NaN	NaN	NaN	NaN	NaN
1500-1549	10.076826506826505	NaN	NaN	NaN	NaN	NaN
1550-1599	10.058505050505051	NaN	NaN	NaN	NaN	NaN
1600-1649	10.448611111111113	NaN	NaN	NaN	NaN	NaN
1650-1699	10.652619047619046	NaN	NaN	NaN	NaN	NaN
1700-1749	10.66133333333333	NaN	NaN	NaN	NaN	NaN
1750-1799	10.425999999999998	NaN	NaN	NaN	NaN	NaN
1800-1849	10.306666666666667	NaN	NaN	NaN	NaN	NaN
1850-1891	14.702380952380953	NaN	NaN	NaN	NaN	NaN
>>END_MODULE
>>Per sequence quality scores	pass
#Quality	Count
11	2.0
12	11.0
13	46.0
14	67.0
15	140.0
16	231.0
17	412.0
18	712.0
19	1057.0
20	1534.0
21	2216.0
22	2922.0
23	3868.0
24	4787.0
25	4910.0
26	4249.0
27	3753.0
28	4271.0
29	5592.0
30	7626.0
31	9632.0
32	11292.0
33	13585.0
34	16896.0
35	22692.0
36	28672.0
37	27930.0
38	12072.0
39	461.0
>>END_MODULE
>>Per base sequence content	fail
#Base	G	A	T	C
1	0.0	0.0	100.0	0.0
2	0.0	0.0	0.0	100.0
3	0.0	100.0	0.0	0.0
4	100.0	0.0	0.0	0.0
5	28.322139946042135	25.292880588213805	21.913990951359644	24.470988514384416
6	27.183447700054792	25.649803010932242	23.669475826440888	23.49727346257208
7	22.428287403526532	26.766788601128198	26.417161971059265	24.387762024286005
8	24.18176504967855	24.485993988477915	27.958796025715955	23.373444936127576
9	24.290321234006136	27.625289611555242	24.73543593061846	23.34895322382016
10-49	24.141182523720385	25.851231492776748	26.082868161868582	23.924717821634285
50-99	24.21354399421736	25.942095113414187	25.899566489824128	23.94479440254433
100-149	24.188257531315852	25.874570413017274	25.799091286007332	24.138080769659542
150-199	24.122876863430783	25.883195469277492	25.856953384847742	24.136974282443983
200-249	24.06321494901228	25.96158649831365	25.883524125756818	24.091674426917255
250-299	24.215868421773266	26.09960630170055	25.61063259248961	24.073892684036576
300-349	24.8876393730818	26.29471791261459	24.746703381345263	24.070939332958346
350-399	25.9698798421426	26.541455628310867	23.51873231080275	23.969932218743782
400-449	26.996078423308894	26.647033080314014	22.402165349136162	23.95472314724093
450-499	27.75491556310247	26.699117838912418	21.672119775111046	23.873846822874064
500-549	28.430360981941682	26.444278091431055	21.282409643885728	23.84295128274153
550-599	27.212222687316867	26.628296358308916	22.45360680898563	23.705874145388588
600-649	27.34897172236504	27.363431876606686	21.669344473007712	23.618251928020566
650-699	27.103306844398872	26.685465265316587	22.222507049474494	23.98872084081005
700-749	27.271673172805627	27.047501256135742	21.733080817840992	23.94774475321764
750-799	26.93367834842774	27.276818360803283	22.630365078472185	23.15913821229679
800-849	28.010941774130522	26.43220007815553	21.69597499023056	23.860883157483393
850-899	28.697595233028306	26.633326239625454	22.185571398169824	22.48350712917642
900-949	26.355272469922152	27.176220806794056	22.236376503892426	24.232130219391365
950-999	27.06662016044646	26.630624346006275	23.229856993372863	23.0728985001744
1000-1049	27.778958554729012	25.802337938363447	22.571732199787462	23.846971307120086
1050-1099	27.421916357861303	25.727898358920065	22.736897829539437	24.113287453679195
1100-1149	26.276881720430108	26.276881720430108	23.756720430107528	23.68951612903226
1150-1199	25.57651991614256	29.769392033542978	20.545073375262053	24.10901467505241
1200-1249	30.32258064516129	24.01985111662531	22.034739454094293	23.622828784119108
1250-1299	29.310344827586203	24.885057471264368	23.620689655172413	22.18390804597701
1300-1349	25.650289017341038	24.34971098265896	25.650289017341038	24.34971098265896
1350-1399	25.643469971401334	23.164918970448046	22.21163012392755	28.97998093422307
1400-1449	24.58233890214797	25.059665871121716	23.627684964200476	26.730310262529834
1450-1499	23.142857142857142	31.428571428571427	18.714285714285715	26.71428571428571
1500-1549	24.74048442906574	20.415224913494807	23.875432525951556	30.96885813148789
1550-1599	28.105906313645622	23.625254582484725	26.680244399185337	21.58859470468432
1600-1649	22.823529411764707	24.705882352941178	21.41176470588235	31.058823529411768
1650-1699	25.474254742547426	33.60433604336043	20.05420054200542	20.867208672086722
1700-1749	27.536231884057973	22.463768115942027	12.681159420289855	37.31884057971014
1750-1799	35.07109004739337	19.90521327014218	18.009478672985782	27.014218009478675
1800-1849	48.529411764705884	31.61764705882353	9.558823529411764	10.294117647058822
1850-1891	32.05128205128205	26.923076923076923	23.076923076923077	17.94871794871795
>>END_MODULE
>>Per sequence GC content	warn
#GC Content	Count
0	0.0
1	0.0
2	0.0
3	0.0
4	0.0
5	0.0
6	0.0
7	0.0
8	0.0
9	0.0
10	0.0
11	0.0
12	0.0
13	0.0
14	0.0
15	0.0
16	0.0
17	0.0
18	0.0
19	0.0
20	0.0
21	0.0
22	0.0
23	0.16666666666666666
24	1.1166666666666667
25	2.7261904761904763
26	6.526190476190478
27	10.766666666666664
28	22.152813852813843
29	40.132539682539694
30	67.00519480519496
31	101.49880952381008
32	133.73452380952438
33	183.57936507936384
34	249.31150793650428
35	318.61352813852557
36	373.5373015872999
37	447.13495670995525
38	562.1916666666644
39	670.4020562770557
40	847.3707070707087
41	1055.3104978355116
42	1321.6754689755505
43	1652.2708152959688
44	2011.829509379736
45	2468.1545815295503
46	2959.7045815292327
47	3555.296212120495
48	4125.7535353524645
49	4604.615079364154
50	4741.995923519994
51	4536.151226550231
52	3948.4945887435297
53	3094.7747474742564
54	2230.2809163060665
55	1507.3346681098137
56	903.0815295815305
57	526.6425685425663
58	290.6155122655084
59	156.16230158730122
60	83.61190476190514
61	47.25876623376623
62	20.33333333333333
63	12.04166666666666
64	6.766666666666668
65	3.8833333333333337
66	2.216666666666667
67	0.8666666666666667
68	0.5
69	0.2
70	0.2
71	0.2
72	0.0
73	0.16666666666666666
74	0.2
75	0.0
76	0.0
77	0.0
78	0.0
79	0.0
80	0.0
81	0.0
82	0.0
83	0.0
84	0.0
85	0.0
86	0.0
87	0.0
88	0.0
89	0.0
90	0.0
91	0.0
92	0.0
93	0.0
94	0.0
95	0.0
96	0.0
97	0.0
98	0.0
99	0.0
100	0.0
>>END_MODULE
>>Per base N content	pass
#Base	N-Count
1	0.0
2	0.0
3	0.0
4	0.0
5	0.0036527202329391874
6	0.001565451528402509
7	0.0026090858806708484
8	0.003130903056805018
9	0.0010436343522683392
10-49	8.740437700247341E-4
50-99	0.0012314885356766404
100-149	0.017637564129243895
150-199	0.04784566641320849
200-249	0.08068326170074383
250-299	0.20436149881075547
300-349	0.7948165096036849
350-399	1.7279110855077329
400-449	2.640569657430459
450-499	3.432157368558534
500-549	3.291988816296254
550-599	3.0510446327721827
600-649	2.938057513567463
650-699	3.440594059405941
700-749	2.4911434386070703
750-799	2.5490626027847822
800-849	2.231221823183312
850-899	1.9407345575959931
900-949	1.9430950728660652
950-999	0.8130081300813009
1000-1049	0.4232804232804233
1050-1099	1.3319404544267432
1100-1149	0.6675567423230975
1150-1199	0.0
1200-1249	0.24752475247524752
1250-1299	0.05743825387708214
1300-1349	0.503235082674335
1350-1399	2.3277467411545625
1400-1449	0.11918951132300357
1450-1499	0.0
1500-1549	0.17271157167530224
1550-1599	0.0
1600-1649	1.8475750577367205
1650-1699	1.3368983957219251
1700-1749	0.7194244604316548
1750-1799	0.4716981132075472
1800-1849	0.0
1850-1891	0.0
>>END_MODULE
>>Sequence Length Distribution	warn
#Length	Count
100-149	8.0
150-199	40.0
200-249	275.0
250-299	3192.0
300-349	15446.0
350-399	32957.0
400-449	40485.0
450-499	41986.0
500-549	50812.0
550-599	4806.0
600-649	633.0
650-699	359.0
700-749	215.0
750-799	120.0
800-849	83.0
850-899	56.0
900-949	37.0
950-999	21.0
1000-1049	24.0
1050-1099	15.0
1100-1149	14.0
1150-1199	12.0
1200-1249	3.0
1250-1299	8.0
1300-1349	6.0
1350-1399	6.0
1400-1449	5.0
1450-1499	0.0
1500-1549	3.0
1550-1599	2.0
1600-1649	1.0
1650-1699	2.0
1700-1749	1.0
1750-1799	1.0
1800-1849	2.0
1850-1892	2.0
>>END_MODULE
>>Sequence Duplication Levels	pass
#Total Deduplicated Percentage	93.4614032484091
#Duplication Level	Percentage of deduplicated	Percentage of total
1	94.7442940861401	88.54934675070602
2	4.206979944710459	7.86380498141108
3	0.6449762560510126	1.8084115785729855
4	0.2638026103692896	0.9862144858282849
5	0.09209865799595114	0.4303834906798453
6	0.02600526245528319	0.14582929925483615
7	0.012932129432516782	0.08460584746271496
8	0.003960467931283942	0.02961207123024969
9	9.901169828209855E-4	0.008328395033507725
>10	0.003960467931283942	0.09346309982047558
>50	0.0	0.0
>100	0.0	0.0
>500	0.0	0.0
>1k	0.0	0.0
>5k	0.0	0.0
>10k+	0.0	0.0
>>END_MODULE
>>Overrepresented sequences	pass
>>END_MODULE
>>Adapter Content	pass
#Position	Illumina Universal Adapter	Illumina Small RNA 3' Adapter	Illumina Small RNA 5' Adapter	Nextera Transposase Sequence	SOLID Small RNA Adapter
1	0.0	0.0	0.0	0.0	0.0
2	0.0	0.0	0.0	0.0	0.0
3	0.0	0.0	0.0	0.0	0.0
4	0.0	0.0	0.0	0.0	0.0
5	0.0	0.0	0.0	0.0	0.0
6	0.0	0.0	0.0	0.0	0.0
7	0.0	0.0	0.0	0.0	0.0
8	0.0	0.0	0.0	0.0	0.0
9	0.0	0.0	0.0	0.0	0.0
10-49	0.0	0.0	0.0	2.478631586637305E-4	0.0
50-99	0.0	0.0	0.0	0.001221052192153958	0.0
100-149	0.0	0.0	0.0	0.002786503720556468	0.0
150-199	0.0	0.0	0.0	0.0034126843319174727	0.0
200-249	0.0	0.0	0.0	0.0045919911499806955	0.0
250-299	0.0	0.0	0.0	0.00469635458520753	0.0
300-349	0.0	0.0	0.0	0.00469635458520753	0.0
350-399	0.0	0.0	0.0	0.00469635458520753	0.0
400-449	0.0	0.0	0.0	0.005040753921456082	0.0
450-499	0.0	0.0	0.0	0.0052181717613417	0.0
500-549	0.0	0.0	0.0	0.0052181717613417	0.0
550-599	0.0	0.0	0.0	0.0052181717613417	0.0
600-649	0.0	0.0	0.0	0.0052181717613417	0.0
650-699	0.0	0.0	0.0	0.0052181717613417	0.0
700-749	0.0	0.0	0.0	0.0052181717613417	0.0
750-799	0.0	0.0	0.0	0.0052181717613417	0.0
800-849	0.0	0.0	0.0	0.0052181717613417	0.0
850-899	0.0	0.0	0.0	0.0052181717613417	0.0
900-949	0.0	0.0	0.0	0.0052181717613417	0.0
950-999	0.0	0.0	0.0	0.0052181717613417	0.0
1000-1049	0.0	0.0	0.0	0.0052181717613417	0.0
1050-1099	0.0	0.0	0.0	0.0052181717613417	0.0
1100-1149	0.0	0.0	0.0	0.0052181717613417	0.0
1150-1199	0.0	0.0	0.0	0.0052181717613417	0.0
1200-1249	0.0	0.0	0.0	0.0052181717613417	0.0
1250-1299	0.0	0.0	0.0	0.0052181717613417	0.0
1300-1349	0.0	0.0	0.0	0.0052181717613417	0.0
1350-1399	0.0	0.0	0.0	0.0052181717613417	0.0
1400-1449	0.0	0.0	0.0	0.005646061845771717	0.0
1450-1499	0.0	0.0	0.0	0.0057399889374758675	0.0
1500-1549	0.0	0.0	0.0	0.0057399889374758675	0.0
1550-1599	0.0	0.0	0.0	0.0057399889374758675	0.0
1600-1649	0.0	0.0	0.0	0.0057399889374758675	0.0
1650-1699	0.0	0.0	0.0	0.0057399889374758675	0.0
1700-1749	0.0	0.0	0.0	0.006094824617247106	0.0
1750-1799	0.0	0.0	0.0	0.0062618061136100415	0.0
1800-1849	0.0	0.0	0.0	0.0062618061136100415	0.0
1850-1880	0.0	0.0	0.0	0.006278638925743399	0.0
>>END_MODULE
